24360
13342
5460033
6253
148124
126941
444795
123631
24978538
5311
644241
44182295
6918289
23725625
11960529
5328940
216326
6450551
11152667
73755109
126565
176158
6505803
11667893
5278396
300471
10184653
24776445
44259
24180719
10077147
11327430
10459196
156422
11624601
10384072
1206243
1401
9914412
24771867
136240579
24964624
5330286
11977753
17755052
25262965
9826528
135564599
10127622
2314623
16681698
9938202
46883536
3385
3062316
36314
11626560
5284616
216239
11364421
60838
9887053
135440466
25124816
5494449
51371303
52918385
11609586
11455910
176870
984170
9931954
24958200
24856436
46926350
60750
387447
16095342
9858940
2733526
104741
56962336
44632017
637858
6914657
9926054
25099184
135565082
135418940
11707110
44462760
5394
16747683
25262792
58423153
49831044
104842
2375
25126798
11640390
41867
2907
16720766
11488320
51042438
24737642
208908
135539077
56649450
51001932
57345410
24866313
2155128
3899
73010930
72943187
72201027
71522234
4261
135398516
46926973
59472121
72200024
42623951
49847690
53469448
78243717
24753719
57519544
46943432
135564749
9936746
71268957
60167849
59473233
44462758
44631912
71299339
118693659
131634760
46843056
51039095
24821094
68740
8269
60700
452548
4212
457193
5360373
657237
3011155
135398738
5352062
234820
243725
353472
87371
442205
5477029
397888
643462
2332
46236925
11655119
35397514
2802462
462382
16654980
11719003
49846579
11228183
46843057
56645356
78209992
25227436
121596701
52913813
71496458
9933475
24788740
56941241
70676303
68107965
91668541
10385095
227681
9825149
46931953
68289010
992586
2984337
11178236
135691163
71297207
45168044
46224516
2130404
42642645
9927531
25227847
68947304
46239015
5311497
446541
44442376
11634725
118704762
135905416
117072552
51000408
122540908
91826516
9444
76285486
121271792
78357767
44137675
24905401
24785538
46907787
71271629
54685215
9956119
56962337
70983932
124886
864
12035